1.994291839599609375e+02
2.002297210693359375e+02
2.010304718017578125e+02
2.018314208984375000e+02
2.026326141357421875e+02
2.034339904785156250e+02
2.042355804443359375e+02
2.050373535156250000e+02
2.058393402099609375e+02
2.066415405273437500e+02
2.074439239501953125e+02
2.082465057373046875e+02
2.090492706298828125e+02
2.098522338867187500e+02
2.106554107666015625e+02
2.114587554931640625e+02
2.122622680664062500e+02
2.130659942626953125e+02
2.138698883056640625e+02
2.146739807128906250e+02
2.154782409667968750e+02
2.162826690673828125e+02
2.170872802734375000e+02
2.178920593261718750e+02
2.186970062255859375e+02
2.195021514892578125e+02
2.203074340820312500e+02
2.211128997802734375e+02
2.219185180664062500e+02
2.227242889404296875e+02
2.235302429199218750e+02
2.243363342285156250e+02
2.251426086425781250e+02
2.259490203857421875e+02
2.267555847167968750e+02
2.275622863769531250e+02
2.283691711425781250e+02
2.291761627197265625e+02
2.299833374023437500e+02
2.307906188964843750e+02
2.315980682373046875e+02
2.324056549072265625e+02
2.332133636474609375e+02
2.340212402343750000e+02
2.348292236328125000e+02
2.356373291015625000e+02
2.364456024169921875e+02
2.372539672851562500e+02
2.380624847412109375e+02
2.388711090087890625e+02
2.396798706054687500e+02
2.404887390136718750e+02
2.412977294921875000e+02
2.421068420410156250e+02
2.429160766601562500e+02
2.437253875732421875e+02
2.445348358154296875e+02
2.453444061279296875e+02
2.461540679931640625e+02
2.469638519287109375e+02
2.477737274169921875e+02
2.485836944580078125e+02
2.493937835693359375e+02
2.502039642333984375e+02
2.510142364501953125e+02
2.518246002197265625e+02
2.526350402832031250e+02
2.534456024169921875e+02
2.542562561035156250e+02
2.550669860839843750e+02
2.558777923583984375e+02
2.566886596679687500e+02
2.574996643066406250e+02
2.583106994628906250e+02
2.591218566894531250e+02
2.599330749511718750e+02
2.607443542480468750e+02
2.615556945800781250e+02
2.623671569824218750e+02
2.631786499023437500e+02
2.639902038574218750e+02
2.648017883300781250e+02
2.656134643554687500e+02
2.664252624511718750e+02
2.672370300292968750e+02
2.680489196777343750e+02
2.688608398437500000e+02
2.696728210449218750e+02
2.704848327636718750e+02
2.712969055175781250e+02
2.721090393066406250e+02
2.729212036132812500e+02
2.737334289550781250e+02
2.745456542968750000e+02
2.753579711914062500e+02
2.761702880859375000e+02
2.769826660156250000e+02
2.777950439453125000e+02
2.786075134277343750e+02
2.794199829101562500e+02
2.802324829101562500e+02
2.810449829101562500e+02
2.818575439453125000e+02
2.826701049804687500e+02
2.834827270507812500e+02
2.842953186035156250e+02
2.851079711914062500e+02
2.859205932617187500e+02
2.867332458496093750e+02
2.875459289550781250e+02
2.883586425781250000e+02
2.891713256835937500e+02
2.899840087890625000e+02
2.907967224121093750e+02
2.916094055175781250e+02
2.924220886230468750e+02
2.932348327636718750e+02
2.940475463867187500e+02
2.948602294921875000e+02
2.956729125976562500e+02
2.964856262207031250e+02
2.972983093261718750e+02
2.981109313964843750e+02
2.989235839843750000e+02
2.997362060546875000e+02
3.005488281250000000e+02
3.013614196777343750e+02
3.021740112304687500e+02
3.029865417480468750e+02
3.037990722656250000e+02
3.046115417480468750e+02
3.054240417480468750e+02
3.062364501953125000e+02
3.070488586425781250e+02
3.078612060546875000e+02
3.086735229492187500e+02
3.094858093261718750e+02
3.102980651855468750e+02
3.111102905273437500e+02
3.119224853515625000e+02
3.127345581054687500e+02
3.135466613769531250e+02
3.143586730957031250e+02
3.151706237792968750e+02
3.159825744628906250e+02
3.167944335937500000e+02
3.176062316894531250e+02
3.184179382324218750e+02
3.192296447753906250e+02
3.200412902832031250e+02
3.208528137207031250e+02
3.216643371582031250e+02
3.224757690429687500e+02
3.232871093750000000e+02
3.240983886718750000e+02
3.249095764160156250e+02
3.257206726074218750e+02
3.265317382812500000e+02
3.273427124023437500e+02
3.281536254882812500e+02
3.289644165039062500e+02
3.297751464843750000e+02
3.305858154296875000e+02
3.313963623046875000e+02
3.322067871093750000e+02
3.330171203613281250e+02
3.338273925781250000e+02
3.346375427246093750e+02
3.354476318359375000e+02
3.362575988769531250e+02
3.370674743652343750e+02
3.378772277832031250e+02
3.386868896484375000e+02
3.394964599609375000e+02
3.403059082031250000e+02
3.411152343750000000e+02
3.419244384765625000e+02
3.427335510253906250e+02
3.435425109863281250e+02
3.443513793945312500e+02
3.451601562500000000e+02
3.459687500000000000e+02
3.467772521972656250e+02
3.475856628417968750e+02
3.483938903808593750e+02
3.492019958496093750e+02
3.500099487304687500e+02
3.508178100585937500e+02
3.516254882812500000e+02
3.524330749511718750e+02
3.532404785156250000e+02
3.540478210449218750e+02
3.548549499511718750e+02
3.556619567871093750e+02
3.564688415527343750e+02
3.572755126953125000e+02
3.580820922851562500e+02
3.588884887695312500e+02
3.596947326660156250e+02
3.605008239746093750e+02
nan
nan
nan
nan
nan
nan
nan
nan
nan
nan
nan
nan
nan
nan
nan
nan
nan
nan
nan
nan
nan
nan
nan
nan
nan
nan
nan
nan
nan
nan
nan
nan
nan
nan
nan
nan
nan
nan
nan
nan
nan
nan
nan
nan
nan
nan
nan
nan
